{
  "nbformat": 4,
  "nbformat_minor": 0,
  "metadata": {
    "colab": {
      "provenance": []
    },
    "kernelspec": {
      "name": "python3",
      "display_name": "Python 3"
    },
    "language_info": {
      "name": "python"
    }
  },
  "cells": [
    {
      "cell_type": "code",
      "execution_count": 13,
      "metadata": {
        "id": "ONJmfkuS3rAR"
      },
      "outputs": [],
      "source": [
        "#*******************************************************************************************************************\n",
        "#                                                                                                                  *\n",
        "#                                 Linear Discriminant Analysis (LDA) with PyTorch                                  *\n",
        "#                                                                                                                  *\n",
        "#     - This code implements a Linear Discriminant Analysis (LDA) model using PyTorch for dimensionality           *\n",
        "#     - reduction and visualization. It reads a dataset from a CSV file, fits the LDA model to the data, and       *\n",
        "#     - transforms the dataset into a new feature space. The transformed data is then visualized using scatter     *\n",
        "#     - plots and histograms. The code also prints the linear discriminants and the within-class and               *\n",
        "#     - between-class scatter matrices (S_W and S_B). LDA is used to find linear combinations of features that     *\n",
        "#     - best separate two or more classes.                                                                         *\n",
        "#                                                                                                                  *\n",
        "#*******************************************************************************************************************\n"
      ]
    },
    {
      "cell_type": "code",
      "source": [
        "import torch\n",
        "import numpy as np\n",
        "import pandas as pd\n",
        "import matplotlib.pyplot as plt"
      ],
      "metadata": {
        "id": "x1BSGKkj305I"
      },
      "execution_count": 14,
      "outputs": []
    },
    {
      "cell_type": "code",
      "source": [
        "class LDA:\n",
        "    def __init__(self, n_components):\n",
        "        self.n_components = n_components                                              # Number of components to keep\n",
        "        self.linear_discriminants = None                                              # Placeholder for linear discriminants\n",
        "\n",
        "    def fit(self, X, y):\n",
        "        n_features = X.shape[1]                                                       # Number of features in the dataset\n",
        "        class_labels = np.unique(y)                                                   # Unique class labels\n",
        "        mean_overall = np.mean(X, axis=0)                                             # Mean of the overall dataset\n",
        "        S_W = np.zeros((n_features, n_features))                                      # Initialize within-class scatter matrix\n",
        "        S_B = np.zeros((n_features, n_features))                                      # Initialize between-class scatter matrix\n",
        "\n",
        "        for c in class_labels:\n",
        "            X_c = X[y == c]                                                           # Samples belonging to class c\n",
        "            mean_c = np.mean(X_c, axis=0)                                             # Mean of class c\n",
        "            S_W += (X_c - mean_c).T.dot(X_c - mean_c)                                 # Update within-class scatter matrix\n",
        "            n_c = X_c.shape[0]                                                        # Number of samples in class c\n",
        "            mean_diff = (mean_c - mean_overall).reshape(n_features, 1)                # Difference between class mean and overall mean\n",
        "            S_B += n_c * (mean_diff).dot(mean_diff.T)                                 # Update between-class scatter matrix\n",
        "\n",
        "        S_W_torch = torch.tensor(S_W, dtype=torch.float32)                            # Convert to PyTorch tensors\n",
        "        S_B_torch = torch.tensor(S_B, dtype=torch.float32)\n",
        "\n",
        "        S_W_inv = torch.inverse(S_W_torch)                                            # Solve the eigenvalue problem using PyTorch\n",
        "        eigvals, eigvecs = torch.linalg.eigh(torch.matmul(S_W_inv, S_B_torch))\n",
        "\n",
        "        sorted_indices = torch.argsort(eigvals, descending=True)                      # Select the top n_components eigenvectors\n",
        "        top_indices = sorted_indices[:self.n_components]\n",
        "        self.linear_discriminants = eigvecs[:, top_indices].T.numpy()\n",
        "\n",
        "        # Print linear discriminants\n",
        "        print(\"\\n\\n*****************************************************************************************************************************\")\n",
        "        print(\"Linear Discriminants:\")\n",
        "        print(self.linear_discriminants)\n",
        "\n",
        "        # Print S_W and S_B\n",
        "        print(\"\\n\\n*****************************************************************************************************************************\")\n",
        "        print(\"\\nWithin-Class Scatter Matrix (S_W):\\n\", S_W)\n",
        "        print(\"\\n\\n*****************************************************************************************************************************\")\n",
        "        print(\"\\nBetween-Class Scatter Matrix (S_B):\\n\", S_B)\n",
        "        print(\"\\n\\n*****************************************************************************************************************************\\n\\n\")\n",
        "\n",
        "    def transform(self, X):\n",
        "        return np.dot(X, self.linear_discriminants.T)\n"
      ],
      "metadata": {
        "id": "H7w6dTWm30vK"
      },
      "execution_count": 15,
      "outputs": []
    },
    {
      "cell_type": "code",
      "source": [
        "def banner():\n",
        "    print(\"\"\"\n",
        "******************************************************************************************************************************\n",
        "*                                         Linear Discriminant Analysis (LDA)                                                 *\n",
        "*                                                                                                                            *\n",
        "*     Linear Discriminant Analysis (LDA) is a supervised dimensionality reduction technique used to find the linear          *\n",
        "*     combinations of features that best separate two or more classes. LDA maximizes the ratio of between-class variance     *\n",
        "*     to within-class variance in the data, ensuring maximum separability.                                                   *\n",
        "*                                                                                                                            *\n",
        "*             - S_W: Within-class scatter matrix                                                                             *\n",
        "*             - S_B: Between-class scatter matrix                                                                            *\n",
        "*             - Linear Discriminants: Directions maximizing the separation between classes                                   *\n",
        "*                                                                                                                            *\n",
        "*     LDA is particularly useful for classification problems and visualizing high-dimensional data in lower dimensions.      *\n",
        "*                                                                                                                            *\n",
        "*     Usage:                                                                                                                 *\n",
        "*             1. Load your dataset into a pandas DataFrame.                                                                  *\n",
        "*             2. Extract features and labels from the dataset.                                                               *\n",
        "*             3. Initialize the LDA class with the number of components (n_components) to retain.                            *\n",
        "*             4. Fit the LDA model using the 'fit' method with your data matrix X and labels y.                              *\n",
        "*             5. Transform the data into the new feature space using the 'transform' method.                                 *\n",
        "*             6. Visualize the results using the provided plotting functions (scatter, histogram, contour, 2D plot).         *\n",
        "*             7. Experiment with different values of n_components to find the optimal number of dimensions for your          *\n",
        "*                analysis.                                                                                                   *\n",
        "*                                                                                                                            *\n",
        "******************************************************************************************************************************\n",
        "    \"\"\")\n",
        "\n",
        "\n",
        "banner()\n",
        "dataset = pd.read_csv(\"heart_statlog_cleveland_hungary_final.csv\")                    # Load the dataset\n",
        "X = dataset.drop(columns=[\"target\"]).values                                           # Extract features\n",
        "y = dataset[\"target\"].values                                                          # Extract labels\n",
        "lda = LDA(n_components=2)                                                             # Initialize and fit LDA\n",
        "lda.fit(X, y)\n",
        "X_lda = lda.transform(X)"
      ],
      "metadata": {
        "colab": {
          "base_uri": "https://localhost:8080/"
        },
        "id": "Nn2TmDwU30gY",
        "outputId": "413f2d6a-90cb-4b5b-abdc-c0a02236663b"
      },
      "execution_count": 16,
      "outputs": [
        {
          "output_type": "stream",
          "name": "stdout",
          "text": [
            "\n",
            "******************************************************************************************************************************\n",
            "*                                         Linear Discriminant Analysis (LDA)                                                 *\n",
            "*                                                                                                                            *\n",
            "*     Linear Discriminant Analysis (LDA) is a supervised dimensionality reduction technique used to find the linear          *\n",
            "*     combinations of features that best separate two or more classes. LDA maximizes the ratio of between-class variance     *\n",
            "*     to within-class variance in the data, ensuring maximum separability.                                                   *\n",
            "*                                                                                                                            *\n",
            "*             - S_W: Within-class scatter matrix                                                                             *\n",
            "*             - S_B: Between-class scatter matrix                                                                            *\n",
            "*             - Linear Discriminants: Directions maximizing the separation between classes                                   *\n",
            "*                                                                                                                            *\n",
            "*     LDA is particularly useful for classification problems and visualizing high-dimensional data in lower dimensions.      *\n",
            "*                                                                                                                            *\n",
            "*     Usage:                                                                                                                 *\n",
            "*             1. Load your dataset into a pandas DataFrame.                                                                  *\n",
            "*             2. Extract features and labels from the dataset.                                                               *\n",
            "*             3. Initialize the LDA class with the number of components (n_components) to retain.                            *\n",
            "*             4. Fit the LDA model using the 'fit' method with your data matrix X and labels y.                              *\n",
            "*             5. Transform the data into the new feature space using the 'transform' method.                                 *\n",
            "*             6. Visualize the results using the provided plotting functions (scatter, histogram, contour, 2D plot).         *\n",
            "*             7. Experiment with different values of n_components to find the optimal number of dimensions for your          *\n",
            "*                analysis.                                                                                                   *\n",
            "*                                                                                                                            *\n",
            "******************************************************************************************************************************\n",
            "    \n",
            "\n",
            "\n",
            "*****************************************************************************************************************************\n",
            "Linear Discriminants:\n",
            "[[-0.07888284 -0.01005568 -0.01736462 -0.07030963  0.6338301  -0.23933566\n",
            "  -0.03703149  0.2891436  -0.44891915 -0.14241035 -0.4718312 ]\n",
            " [-0.05381097 -0.02755607 -0.02304994 -0.03129169  0.28073254 -0.6602218\n",
            "  -0.09534357 -0.6424402   0.15859638  0.06062566  0.17170583]]\n",
            "\n",
            "\n",
            "*****************************************************************************************************************************\n",
            "\n",
            "Within-Class Scatter Matrix (S_W):\n",
            " [[ 9.69784961e+04 -3.14223684e+02  2.96536735e+02  4.61667730e+04\n",
            "   6.21277280e+03  5.57099388e+02  1.69914525e+03 -7.39317415e+04\n",
            "   3.35871513e+02  1.70078156e+03  7.15015946e+02]\n",
            " [-3.14223684e+02  1.93849786e+02 -2.27658139e+00 -4.10489329e+02\n",
            "  -7.51617257e+03  9.01045430e+00 -1.97713542e+01 -6.85771017e+02\n",
            "   1.09601098e+01 -1.51546900e+01 -9.08719950e+00]\n",
            " [ 2.96536735e+02 -2.27658139e+00  8.20225852e+02 -9.48021583e+02\n",
            "  -2.04433242e+03 -1.05848148e+01  2.02167943e+00 -4.18167081e+03\n",
            "   9.86006648e+01  4.92977742e+01  3.00831527e+01]\n",
            " [ 4.61667730e+04 -4.10489329e+02 -9.48021583e+02  3.95270774e+05\n",
            "   2.72724660e+05  5.54394373e+02  1.65358737e+03 -2.85229198e+04\n",
            "   8.93877150e+02  3.03080079e+03  3.73265694e+02]\n",
            " [ 6.21277280e+03 -7.51617257e+03 -2.04433242e+03  2.72724660e+05\n",
            "   1.17489432e+07 -9.72763709e+03  1.73567020e+04  4.80179890e+05\n",
            "   3.65821188e+03  1.78785948e+04  1.78720913e+01]\n",
            " [ 5.57099388e+02  9.01045430e+00 -1.05848148e+01  5.54394373e+02\n",
            "  -9.72763709e+03  1.90403623e+02  6.91111432e+00 -3.62332033e+02\n",
            "  -1.21803729e+01 -2.91920509e+01  1.08120152e+01]\n",
            " [ 1.69914525e+03 -1.97713542e+01  2.02167943e+00  1.65358737e+03\n",
            "   1.73567020e+04  6.91111432e+00  8.95889001e+02  2.35039847e+03\n",
            "   1.33400780e+00  1.08954690e+02  3.58126897e+01]\n",
            " [-7.39317415e+04 -6.85771017e+02 -4.18167081e+03 -2.85229198e+04\n",
            "   4.80179890e+05 -3.62332033e+02  2.35039847e+03  6.41981634e+05\n",
            "  -2.64255037e+03 -6.27697615e+02 -2.62623322e+03]\n",
            " [ 3.35871513e+02  1.09601098e+01  9.86006648e+01  8.93877150e+02\n",
            "   3.65821188e+03 -1.21803729e+01  1.33400780e+00 -2.64255037e+03\n",
            "   2.16945223e+02  1.12657552e+02  5.30526088e+01]\n",
            " [ 1.70078156e+03 -1.51546900e+01  4.92977742e+01  3.03080079e+03\n",
            "   1.78785948e+04 -2.91920509e+01  1.08954690e+02 -6.27697615e+02\n",
            "   1.12657552e+02  1.18047418e+03  2.54854054e+02]\n",
            " [ 7.15015946e+02 -9.08719950e+00  3.00831527e+01  3.73265694e+02\n",
            "   1.78720913e+01  1.08120152e+01  3.58126897e+01 -2.62623322e+03\n",
            "   5.30526088e+01  2.54854054e+02  3.29821169e+02]]\n",
            "\n",
            "\n",
            "*****************************************************************************************************************************\n",
            "\n",
            "Between-Class Scatter Matrix (S_B):\n",
            " [[ 7.14931984e+03  3.85590910e+02  1.25497671e+03  6.50243620e+03\n",
            "  -5.86566056e+04  2.58977923e+02  1.85395084e+02 -3.07472451e+04\n",
            "   6.84131008e+02  1.26180189e+03  8.99899180e+02]\n",
            " [ 3.85590910e+02  2.07964329e+01  6.76858251e+01  3.50701934e+02\n",
            "  -3.16358121e+03  1.39676970e+01  9.99908533e+00 -1.65831974e+03\n",
            "   3.68978734e+01  6.80539337e+01  4.85350987e+01]\n",
            " [ 1.25497671e+03  6.76858251e+01  2.20295997e+02  1.14142410e+03\n",
            "  -1.02964583e+04  4.54604450e+01  3.25438668e+01 -5.39730734e+03\n",
            "   1.20090932e+02  2.21494074e+02  1.57966427e+02]\n",
            " [ 6.50243620e+03  3.50701934e+02  1.14142410e+03  5.91408379e+03\n",
            "  -5.33492478e+04  2.35545123e+02  1.68620195e+02 -2.79651776e+04\n",
            "   6.22229573e+02  1.14763173e+03  8.18474643e+02]\n",
            " [-5.86566056e+04 -3.16358121e+03 -1.02964583e+04 -5.33492478e+04\n",
            "   4.81248210e+05 -2.12478476e+03 -1.52107425e+03  2.52265819e+05\n",
            "  -5.61295390e+03 -1.03524555e+04 -7.38322419e+03]\n",
            " [ 2.58977923e+02  1.39676970e+01  4.54604450e+01  2.35545123e+02\n",
            "  -2.12478476e+03  9.38125108e+00  6.71577643e+00 -1.11379234e+03\n",
            "   2.47820536e+01  4.57076811e+01  3.25980688e+01]\n",
            " [ 1.85395084e+02  9.99908533e+00  3.25438668e+01  1.68620195e+02\n",
            "  -1.52107425e+03  6.71577643e+00  4.80763735e+00 -7.97332922e+02\n",
            "   1.77407821e+01  3.27208562e+01  2.33360498e+01]\n",
            " [-3.07472451e+04 -1.65831974e+03 -5.39730734e+03 -2.79651776e+04\n",
            "   2.52265819e+05 -1.11379234e+03 -7.97332922e+02  1.32235387e+05\n",
            "  -2.94225803e+03 -5.42666054e+03 -3.87021720e+03]\n",
            " [ 6.84131008e+02  3.68978734e+01  1.20090932e+02  6.22229573e+02\n",
            "  -5.61295390e+03  2.47820536e+01  1.77407821e+01 -2.94225803e+03\n",
            "   6.54657011e+01  1.20744045e+02  8.61129375e+01]\n",
            " [ 1.26180189e+03  6.80539337e+01  2.21494074e+02  1.14763173e+03\n",
            "  -1.03524555e+04  4.57076811e+01  3.27208562e+01 -5.42666054e+03\n",
            "   1.20744045e+02  2.22698667e+02  1.58825526e+02]\n",
            " [ 8.99899180e+02  4.85350987e+01  1.57966427e+02  8.18474643e+02\n",
            "  -7.38322419e+03  3.25980688e+01  2.33360498e+01 -3.87021720e+03\n",
            "   8.61129375e+01  1.58825526e+02  1.13272109e+02]]\n",
            "\n",
            "\n",
            "*****************************************************************************************************************************\n",
            "\n",
            "\n"
          ]
        }
      ]
    },
    {
      "cell_type": "code",
      "source": [
        "def plot_scatter(X_lda, y):\n",
        "    plt.figure()\n",
        "    plt.scatter(X_lda[:, 0], X_lda[:, 1], c=y, cmap='viridis', alpha=0.5)\n",
        "    plt.title('Transformed Data - Scatter Plot')\n",
        "    plt.xlabel('LD1')\n",
        "    plt.ylabel('LD2')\n",
        "    plt.show()\n",
        "\n",
        "\n",
        "plot_scatter(X_lda, y)"
      ],
      "metadata": {
        "id": "PEy024LwPo8g",
        "outputId": "724131f2-7ab1-4133-be52-01bc8d410325",
        "colab": {
          "base_uri": "https://localhost:8080/",
          "height": 472
        }
      },
      "execution_count": 17,
      "outputs": [
        {
          "output_type": "display_data",
          "data": {
            "text/plain": [
              "<Figure size 640x480 with 1 Axes>"
            ],
