{
  "nbformat": 4,
  "nbformat_minor": 0,
  "metadata": {
    "colab": {
      "provenance": []
    },
    "kernelspec": {
      "name": "python3",
      "display_name": "Python 3"
    },
    "language_info": {
      "name": "python"
    }
  },
  "cells": [
    {
      "cell_type": "code",
      "execution_count": 33,
      "metadata": {
        "id": "gnpPXc0pr75v"
      },
      "outputs": [],
      "source": [
        "#********************************************************************************************************************************************\n",
        "#                                                                                                                                           *\n",
        "#                                                 Linear Discriminant Analysis (LDA)                                                        *\n",
        "#                                                                                                                                           *\n",
        "#         - This code implements a Linear Discriminant Analysis (LDA) model for dimensionality reduction and visualization.                 *\n",
        "#         - It reads a dataset from a CSV file, fits the LDA model to the data, and transforms the dataset into a new feature space.        *\n",
        "#         - The code then generates scatter plots, histograms, contour plots, and 2D plots to visualize the transformed data.               *\n",
        "#         - Additionally, it prints the linear discriminants and the within-class and between-class scatter matrices (S_W and S_B).         *\n",
        "#                                                                                                                                           *\n",
        "#********************************************************************************************************************************************"
      ]
    },
    {
      "cell_type": "code",
      "source": [
        "import numpy as np\n",
        "import pandas as pd\n",
        "import matplotlib.pyplot as plt\n",
        "import warnings\n",
        "warnings.filterwarnings('ignore', category=np.ComplexWarning)                                   # Suppress ComplexWarning warnings"
      ],
      "metadata": {
        "id": "g6ufkHlKsaCI"
      },
      "execution_count": 34,
      "outputs": []
    },
    {
      "cell_type": "code",
      "source": [
        "class LDA:\n",
        "    def __init__(self, n_components):\n",
        "        self.n_components = n_components                                                        # Number of components to keep\n",
        "        self.linear_discriminants = None                                                        # Placeholder for linear discriminants\n",
        "\n",
        "    def fit(self, X, y):\n",
        "\n",
        "        \"\"\"\n",
        "          * Fit the LDA model to the dataset.\n",
        "\n",
        "          Parameters:\n",
        "                     - X: Input features, a NumPy array of shape (n_samples, n_features)\n",
        "                     - y: Target labels, a NumPy array of shape (n_samples,)\n",
        "\n",
        "          * This method calculates the within-class scatter matrix (S_W) and the between-class scatter matrix (S_B),\n",
        "            then solves the eigenvalue problem for (S_W)^-1 * S_B to find the linear discriminants.\n",
        "\n",
        "        \"\"\"\n",
        "\n",
        "        n_features = X.shape[1]                                                                 # Number of features in the dataset\n",
        "        class_labels = np.unique(y)                                                             # Unique class labels\n",
        "        mean_overall = np.mean(X, axis=0)                                                       # Mean of the overall dataset\n",
        "        S_W = np.zeros((n_features, n_features))                                                # Initialize within-class scatter matrix\n",
        "        S_B = np.zeros((n_features, n_features))                                                # Initialize between-class scatter matrix\n",
        "\n",
        "        for c in class_labels:\n",
        "            X_c = X[y == c]                                                                     # Samples belonging to class c\n",
        "            mean_c = np.mean(X_c, axis=0)                                                       # Mean of class c\n",
        "            S_W += (X_c - mean_c).T.dot(X_c - mean_c)                                           # Update within-class scatter matrix\n",
        "            n_c = X_c.shape[0]                                                                  # Number of samples in class c\n",
        "            mean_diff = (mean_c - mean_overall).reshape(n_features, 1)                          # Difference between class mean and overall mean\n",
        "            S_B += n_c * (mean_diff).dot(mean_diff.T)                                           # Update between-class scatter matrix\n",
        "\n",
        "        eigenvalues, eigenvectors = np.linalg.eig(np.linalg.inv(S_W).dot(S_B))                  # Solve the eigenvalue problem\n",
        "        eigenvectors = eigenvectors.T                                                           # Transpose eigenvectors\n",
        "        indices = np.argsort(abs(eigenvalues))[::-1]                                            # Sort eigenvalues in descending order\n",
        "        self.linear_discriminants = eigenvectors[indices[:self.n_components]]                   # Select top n_components eigenvectors\n",
        "\n",
        "\n",
        "        # Print linear discriminants\n",
        "        print(\"\\n\\n*****************************************************************************************************************************\")\n",
        "        print(\"Linear Discriminants:\")\n",
        "        print(self.linear_discriminants)\n",
        "\n",
        "        # Print S_W and S_B\n",
        "        print(\"\\n\\n*****************************************************************************************************************************\")\n",
        "        print(\"\\nWithin-Class Scatter Matrix (S_W):\\n\", S_W)\n",
        "        print(\"\\n\\n*****************************************************************************************************************************\")\n",
        "        print(\"\\nBetween-Class Scatter Matrix (S_B):\\n\", S_B)\n",
        "        print(\"\\n\\n*****************************************************************************************************************************\\n\\n\")\n",
        "\n",
        "    def transform(self, X):\n",
        "        return np.dot(X, self.linear_discriminants.T)"
      ],
      "metadata": {
        "id": "QgwnQmN-sZ-l"
      },
      "execution_count": 35,
      "outputs": []
    },
    {
      "cell_type": "code",
      "source": [
        "def banner():\n",
        "  print(\"\"\"\n",
        "******************************************************************************************************************************\n",
        "*                                         Linear Discriminant Analysis (LDA)                                                 *\n",
        "*                                                                                                                            *\n",
        "*     Linear Discriminant Analysis (LDA) is a supervised dimensionality reduction technique used to find the linear          *\n",
        "*     combinations of features that best separate two or more classes. LDA maximizes the ratio of between-class variance     *\n",
        "*     to within-class variance in the data, ensuring maximum separability.                                                   *\n",
        "*                                                                                                                            *\n",
        "*             - S_W: Within-class scatter matrix                                                                             *\n",
        "*             - S_B: Between-class scatter matrix                                                                            *\n",
        "*             - Linear Discriminants: Directions maximizing the separation between classes                                   *\n",
        "*                                                                                                                            *\n",
        "*     LDA is particularly useful for classification problems and visualizing high-dimensional data in lower dimensions.      *\n",
        "*                                                                                                                            *\n",
        "*     Usage:                                                                                                                 *\n",
        "*             1. Load your dataset into a pandas DataFrame.                                                                  *\n",
        "*             2. Extract features and labels from the dataset.                                                               *\n",
        "*             3. Initialize the LDA class with the number of components (n_components) to retain.                            *\n",
        "*             4. Fit the LDA model using the 'fit' method with your data matrix X and labels y.                              *\n",
        "*             5. Transform the data into the new feature space using the 'transform' method.                                 *\n",
        "*             6. Visualize the results using the provided plotting functions (scatter, histogram, contour, 2D plot).         *\n",
        "*             7. Experiment with different values of n_components to find the optimal number of dimensions for your          *\n",
        "*                analysis.                                                                                                   *\n",
        "*                                                                                                                            *\n",
        "******************************************************************************************************************************\n",
        "    \"\"\")\n",
        "\n",
        "\n",
        "\n",
        "banner()\n",
        "dataset = pd.read_csv(\"heart_statlog_cleveland_hungary_final.csv\")                               # Load the dataset\n",
        "X = dataset.drop(columns=[\"target\"]).values                                                      # Extract features\n",
        "y = dataset[\"target\"].values                                                                     # Extract labels\n",
        "lda = LDA(n_components=2)                                                                        # Initialize and fit LDA\n",
        "lda.fit(X, y)\n",
        "X_lda = lda.transform(X)                                                                         # Transform the dataset"
      ],
      "metadata": {
        "colab": {
          "base_uri": "https://localhost:8080/"
        },
        "id": "Zr3TksJnsXqK",
        "outputId": "d95fe524-4ff3-42dd-c726-a5bfca8f2df3"
      },
      "execution_count": 36,
      "outputs": [
        {
          "output_type": "stream",
          "name": "stdout",
          "text": [
            "\n",
            "******************************************************************************************************************************\n",
            "*                                         Linear Discriminant Analysis (LDA)                                                 *\n",
            "*                                                                                                                            *\n",
            "*     Linear Discriminant Analysis (LDA) is a supervised dimensionality reduction technique used to find the linear          *\n",
            "*     combinations of features that best separate two or more classes. LDA maximizes the ratio of between-class variance     *\n",
            "*     to within-class variance in the data, ensuring maximum separability.                                                   *\n",
            "*                                                                                                                            *\n",
            "*             - S_W: Within-class scatter matrix                                                                             *\n",
            "*             - S_B: Between-class scatter matrix                                                                            *\n",
            "*             - Linear Discriminants: Directions maximizing the separation between classes                                   *\n",
            "*                                                                                                                            *\n",
            "*     LDA is particularly useful for classification problems and visualizing high-dimensional data in lower dimensions.      *\n",
            "*                                                                                                                            *\n",
            "*     Usage:                                                                                                                 *\n",
            "*             1. Load your dataset into a pandas DataFrame.                                                                  *\n",
            "*             2. Extract features and labels from the dataset.                                                               *\n",
            "*             3. Initialize the LDA class with the number of components (n_components) to retain.                            *\n",
            "*             4. Fit the LDA model using the 'fit' method with your data matrix X and labels y.                              *\n",
            "*             5. Transform the data into the new feature space using the 'transform' method.                                 *\n",
            "*             6. Visualize the results using the provided plotting functions (scatter, histogram, contour, 2D plot).         *\n",
            "*             7. Experiment with different values of n_components to find the optimal number of dimensions for your          *\n",
            "*                analysis.                                                                                                   *\n",
            "*                                                                                                                            *\n",
            "******************************************************************************************************************************\n",
            "    \n",
            "\n",
            "\n",
            "*****************************************************************************************************************************\n",
            "Linear Discriminants:\n",
            "[[-0.00622066+0.j -0.52867365+0.j -0.33101228+0.j -0.00236299+0.j\n",
            "   0.00106462+0.j -0.31782002+0.j -0.04735979+0.j  0.00522888+0.j\n",
            "  -0.48175956+0.j -0.1471373 +0.j -0.50385326+0.j]\n",
            " [ 0.00444314+0.j  0.17622428+0.j -0.62349041+0.j  0.00301184+0.j\n",
            "  -0.00215614+0.j  0.30349565+0.j -0.02782347+0.j  0.00715265+0.j\n",
            "   0.56165465+0.j -0.05597282+0.j  0.41066705+0.j]]\n",
            "\n",
            "\n",
            "*****************************************************************************************************************************\n",
            "\n",
            "Within-Class Scatter Matrix (S_W):\n",
            " [[ 9.69784961e+04 -3.14223684e+02  2.96536735e+02  4.61667730e+04\n",
            "   6.21277280e+03  5.57099388e+02  1.69914525e+03 -7.39317415e+04\n",
            "   3.35871513e+02  1.70078156e+03  7.15015946e+02]\n",
            " [-3.14223684e+02  1.93849786e+02 -2.27658139e+00 -4.10489329e+02\n",
            "  -7.51617257e+03  9.01045430e+00 -1.97713542e+01 -6.85771017e+02\n",
            "   1.09601098e+01 -1.51546900e+01 -9.08719950e+00]\n",
            " [ 2.96536735e+02 -2.27658139e+00  8.20225852e+02 -9.48021583e+02\n",
            "  -2.04433242e+03 -1.05848148e+01  2.02167943e+00 -4.18167081e+03\n",
            "   9.86006648e+01  4.92977742e+01  3.00831527e+01]\n",
            " [ 4.61667730e+04 -4.10489329e+02 -9.48021583e+02  3.95270774e+05\n",
            "   2.72724660e+05  5.54394373e+02  1.65358737e+03 -2.85229198e+04\n",
            "   8.93877150e+02  3.03080079e+03  3.73265694e+02]\n",
            " [ 6.21277280e+03 -7.51617257e+03 -2.04433242e+03  2.72724660e+05\n",
            "   1.17489432e+07 -9.72763709e+03  1.73567020e+04  4.80179890e+05\n",
            "   3.65821188e+03  1.78785948e+04  1.78720913e+01]\n",
            " [ 5.57099388e+02  9.01045430e+00 -1.05848148e+01  5.54394373e+02\n",
            "  -9.72763709e+03  1.90403623e+02  6.91111432e+00 -3.62332033e+02\n",
            "  -1.21803729e+01 -2.91920509e+01  1.08120152e+01]\n",
            " [ 1.69914525e+03 -1.97713542e+01  2.02167943e+00  1.65358737e+03\n",
            "   1.73567020e+04  6.91111432e+00  8.95889001e+02  2.35039847e+03\n",
            "   1.33400780e+00  1.08954690e+02  3.58126897e+01]\n",
            " [-7.39317415e+04 -6.85771017e+02 -4.18167081e+03 -2.85229198e+04\n",
            "   4.80179890e+05 -3.62332033e+02  2.35039847e+03  6.41981634e+05\n",
            "  -2.64255037e+03 -6.27697615e+02 -2.62623322e+03]\n",
            " [ 3.35871513e+02  1.09601098e+01  9.86006648e+01  8.93877150e+02\n",
            "   3.65821188e+03 -1.21803729e+01  1.33400780e+00 -2.64255037e+03\n",
            "   2.16945223e+02  1.12657552e+02  5.30526088e+01]\n",
            " [ 1.70078156e+03 -1.51546900e+01  4.92977742e+01  3.03080079e+03\n",
            "   1.78785948e+04 -2.91920509e+01  1.08954690e+02 -6.27697615e+02\n",
            "   1.12657552e+02  1.18047418e+03  2.54854054e+02]\n",
            " [ 7.15015946e+02 -9.08719950e+00  3.00831527e+01  3.73265694e+02\n",
            "   1.78720913e+01  1.08120152e+01  3.58126897e+01 -2.62623322e+03\n",
            "   5.30526088e+01  2.54854054e+02  3.29821169e+02]]\n",
            "\n",
            "\n",
            "*****************************************************************************************************************************\n",
            "\n",
            "Between-Class Scatter Matrix (S_B):\n",
            " [[ 7.14931984e+03  3.85590910e+02  1.25497671e+03  6.50243620e+03\n",
            "  -5.86566056e+04  2.58977923e+02  1.85395084e+02 -3.07472451e+04\n",
            "   6.84131008e+02  1.26180189e+03  8.99899180e+02]\n",
            " [ 3.85590910e+02  2.07964329e+01  6.76858251e+01  3.50701934e+02\n",
            "  -3.16358121e+03  1.39676970e+01  9.99908533e+00 -1.65831974e+03\n",
            "   3.68978734e+01  6.80539337e+01  4.85350987e+01]\n",
            " [ 1.25497671e+03  6.76858251e+01  2.20295997e+02  1.14142410e+03\n",
            "  -1.02964583e+04  4.54604450e+01  3.25438668e+01 -5.39730734e+03\n",
            "   1.20090932e+02  2.21494074e+02  1.57966427e+02]\n",
            " [ 6.50243620e+03  3.50701934e+02  1.14142410e+03  5.91408379e+03\n",
            "  -5.33492478e+04  2.35545123e+02  1.68620195e+02 -2.79651776e+04\n",
            "   6.22229573e+02  1.14763173e+03  8.18474643e+02]\n",
            " [-5.86566056e+04 -3.16358121e+03 -1.02964583e+04 -5.33492478e+04\n",
            "   4.81248210e+05 -2.12478476e+03 -1.52107425e+03  2.52265819e+05\n",
            "  -5.61295390e+03 -1.03524555e+04 -7.38322419e+03]\n",
            " [ 2.58977923e+02  1.39676970e+01  4.54604450e+01  2.35545123e+02\n",
            "  -2.12478476e+03  9.38125108e+00  6.71577643e+00 -1.11379234e+03\n",
            "   2.47820536e+01  4.57076811e+01  3.25980688e+01]\n",
            " [ 1.85395084e+02  9.99908533e+00  3.25438668e+01  1.68620195e+02\n",
            "  -1.52107425e+03  6.71577643e+00  4.80763735e+00 -7.97332922e+02\n",
            "   1.77407821e+01  3.27208562e+01  2.33360498e+01]\n",
            " [-3.07472451e+04 -1.65831974e+03 -5.39730734e+03 -2.79651776e+04\n",
            "   2.52265819e+05 -1.11379234e+03 -7.97332922e+02  1.32235387e+05\n",
            "  -2.94225803e+03 -5.42666054e+03 -3.87021720e+03]\n",
            " [ 6.84131008e+02  3.68978734e+01  1.20090932e+02  6.22229573e+02\n",
            "  -5.61295390e+03  2.47820536e+01  1.77407821e+01 -2.94225803e+03\n",
            "   6.54657011e+01  1.20744045e+02  8.61129375e+01]\n",
            " [ 1.26180189e+03  6.80539337e+01  2.21494074e+02  1.14763173e+03\n",
            "  -1.03524555e+04  4.57076811e+01  3.27208562e+01 -5.42666054e+03\n",
            "   1.20744045e+02  2.22698667e+02  1.58825526e+02]\n",
            " [ 8.99899180e+02  4.85350987e+01  1.57966427e+02  8.18474643e+02\n",
            "  -7.38322419e+03  3.25980688e+01  2.33360498e+01 -3.87021720e+03\n",
            "   8.61129375e+01  1.58825526e+02  1.13272109e+02]]\n",
            "\n",
            "\n",
            "*****************************************************************************************************************************\n",
            "\n",
            "\n"
          ]
        }
      ]
    },
    {
      "cell_type": "code",
      "source": [
        "# Scatter Plot\n",
        "def plot_scatter(X_lda, y):\n",
        "    plt.figure()\n",
        "    plt.scatter(X_lda[:, 0], X_lda[:, 1], c=y, cmap='viridis', alpha=0.5)\n",
        "    plt.title('Transformed Data - Scatter Plot')\n",
        "    plt.xlabel('LD1')\n",
        "    plt.ylabel('LD2')\n",
        "    plt.show()\n",
        "\n",
        "\n",
        "plot_scatter(X_lda, y)"
      ],
      "metadata": {
        "colab": {
          "base_uri": "https://localhost:8080/",
          "height": 472
        },
        "id": "31RrcGk8vd9S",
        "outputId": "c35bf4d0-2871-4714-8b4b-55b4639a9ddf"
      },
      "execution_count": 37,
      "outputs": [
        {
          "output_type": "display_data",
          "data": {
            "text/plain": [
              "<Figure size 640x480 with 1 Axes>"
            ],
